 ________________________ZZZZZZ           1 ZZZZZZZ_______________
  8.00 1998  63  13.10  65   6.20  1  -46 LF___ N_   1.12   1.54
 12.00 1998 153  10.50 153  15.90  1 9999 ##### N_   1.49   0.82
 20.00 1998 232   7.90 233  18.60  1  -70 S_LF_ SN   2.67   1.07
 26.00 1999  13  15.80  13  22.30  1 -134 AF___ S_   2.07   1.67
 27.00 1999  49  14.20  50  11.20  1 -138 SH___ SN   6.73   1.56
 36.00 1999 220  17.60 222  18.00  1  -50 S_LF_ SN   2.44   1.89
 44.00 2000  52   4.30  53  13.30  1 9999 ##### N_   2.42   1.57
 56.00 2000 197  19.40 198  10.00  1 -339 LF___ SN  16.64   3.54
 57.00 2000 209   2.10 210   5.40  1  -67 S_TF_ NS   4.29   0.84
 60.00 2000 223  19.30 224  18.00  1  -98 AF___ S_   4.89   1.46
 61.00 2000 225   5.50 226  22.20  1 -244 S_LF_ SN   5.75   2.58
 64.00 2000 277  10.20 279   2.50  1 -218 S_TF_ NS   1.92   1.25
 65.00 2000 287   6.10 288  16.50  1 -107 S_TF_ NS   1.53   1.22
 72.00 2001  78  17.00  81   9.50  1 -163 S_LF_ SN   2.56   1.25
 77.00 2001 111  23.60 113   8.30  1 -108 AF___ S_   1.72   1.51
 81.00 2001 148   3.90 149  21.10  1  -40 LF___ SN   4.07   1.66
 85.00 2001 190   2.10 192   3.90  1  -36 S_TF_ NS   1.68   1.24
 92.00 2001 275  23.50 276  16.30  1 -182 TF___ NS   4.89   1.97
  0.00 2001  59  16.70  60   9.60  1  -73 LF___ SN   3.12   0.80
  1.00 2001  78   4.50  79  12.60  1  -42 LF___ SN   3.26   1.27
  2.00 2001  83  10.80  84  20.80  1 -112 S_LF_ SN   3.18   1.05
  3.00 2001 107  21.50 109   8.00  1 -142 S_LF_ SN   4.75   6.51
 --------------
 --------------
 ________________________ZZZZZZ           2 ZZZZZZZ_______________
  1.00 1998   7   0.80   8  10.00  2  -85 S_LF_ SN   1.31   1.28
  3.00 1998  20  17.20  21   3.90  2  -41 S_LF_ SN   0.37   0.53
  4.00 1998  21   5.50  22  11.10  2 9999 ##### N_   0.73   0.76
  6.00 1998  48  10.00  49  14.70  2 -117 AF___ S_   0.74   0.95
  7.00 1998  49  22.80  51   0.00  2  -50 TF___ NS   0.74   0.91
  9.00 1998  65  22.90  66  11.50  2 9999 ##### SN   0.51   0.52
 10.00 1998  84  16.20  85   9.00  2  -63 SH___ N_   1.48   0.95
 11.00 1998 122  11.90 123  16.90  2 -101 S_LF_ SN  10.00  17.32
 14.00 1998 175  16.80 176  21.80  2  -48 LF___ SN   5.04   1.27
 17.00 1998 217  13.20 218  12.00  2 -164 TF___ NS   2.61   1.19
 18.00 1998 220   1.80 222   0.10  2 9999 ##### SN   2.22   1.09
 21.00 1998 239   5.40 240   0.30  2 -170 AF___ S_  10.00  17.32
 23.00 1998 292   4.00 293   7.10  2 -113 S_LF_ SN   2.42   1.74
 24.00 1998 311  22.00 312  12.50  2 -163 LF___ SN   6.12   4.91
 25.00 1998 312  18.80 314   1.70  2 -150 TF_TF NS   5.31   2.72
 28.00 1999  59  14.00  60  15.90  2 -113 LF___ SN   3.04   1.50
 29.00 1999 106  18.10 107  21.00  2 -106 LF___ SN   2.12   1.31
 30.00 1999 111   4.30 112  15.20  2  -32 LF___ SN   1.14   1.69
 31.00 1999 153  22.60 154  22.00  2 9999 ##### N_   1.45   1.26
 32.00 1999 177   2.30 177  19.50  2 9999 ##### SN   1.80   1.59
 34.00 1999 208  20.00 210   4.80  2  -38 TF___ NS   0.96   1.01
 35.00 1999 212  18.70 214   4.00  2  -47 LF___ SN   2.32   1.30
 37.00 1999 233   5.60 235  16.00  2  -70 TF___ NS   4.36   1.26
 38.00 1999 264  18.20 265  11.70  2  -35 LF___ SN   2.44   0.71
 41.00 1999 361  11.30 362   4.70  2 9999 ##### NS   5.00   0.72
 42.00 2000  22  17.10  23   1.80  2 -120 AF___ S_   3.71   0.91
 45.00 2000  70   0.90  70   5.50  2 9999 ##### N_   1.83   0.58
 46.00 2000  98   6.80  99  18.00  2 -337 SH___ NS   1.27   1.35
 51.00 2000 163   7.20 163  17.80  2  -45 LF_LF SN   5.52   1.17
 54.00 2000 193  23.20 195   9.10  2  -38 S_LF_ SN   2.68   1.08
 55.00 2000 196  17.00 197  14.10  2  -81 S_TF_ NS   8.08   1.72
 58.00 2000 210  12.10 211  12.00  2  -83 LF_TF N_   5.16   0.81
 59.00 2000 213  22.00 214  15.80  2  -48 S_TF_ NS   1.71   0.98
 67.00 2000 311  22.00 312  18.00  2 -187 S_LF_ SN   6.06   1.80
 68.00 2000 333  16.00 334  20.20  2 -128 AF___ S_   6.81   1.01
 76.00 2001 103  10.20 104  11.60  2  -81 SH___ SN  10.23   1.43
 79.00 2001 129  11.90 130  21.60  2  -73 S_LF_ SN   1.47   0.73
 86.00 2001 194  17.00 195   1.10  2  -31 AF___ S_   2.32   1.10
 88.00 2001 244  16.10 245  22.50  2 9999 ##### NS   2.95   0.65
 91.00 2001 273   0.90 273  18.80  2  -93 TF___ N_   6.55   2.30
 93.00 2001 285   2.20 285  10.90  2  -96 LF___ SN   4.28   1.04
 94.00 2001 304  18.00 306  11.10  2  -92 S_LF_ SN   1.78   1.76
 96.00 2001 328  13.80 329  11.30  2 -252 SH___ N_   6.80   2.74
 --------------
 --------------
 ________________________ZZZZZZ           3 ZZZZZZZ_______________
  2.00 1998   8  14.00   8  22.10  3 9999 ##### SN   0.45   1.03
  5.00 1998  35   4.80  36  22.00  3 9999 ##### SN   0.41   1.10
 13.00 1998 165   3.90 166   7.10  3  -56 LF___ SN   3.83   1.60
 15.00 1998 212   4.90 212  16.20  3  -48 S_LF_ SN   2.21   0.86
 16.00 1998 213  12.90 215   3.00  3 9999 ##### SN   1.93   1.26
 19.00 1998 224   1.20 225  13.30  3 9999 ##### NS   2.46   0.97
 22.00 1998 268   5.90 269  16.00  3 -229 S_LF_ SN   8.11   9.06
 33.00 1999 189   1.80 190   4.20  3  -31 TF___ NS   2.30   1.88
 39.00 1999 316   9.40 317  22.20  3 -106 TF_TF NS   3.56   1.38
 40.00 1999 346  20.00 347  16.00  3  -87 AF___ S_   7.97   2.98
 43.00 2000  43  12.00  44   0.60  3 -158 SH___ SN   0.39   1.07
 47.00 2000 118  18.00 119   1.00  3  -38 TF___ NS   2.28   0.37
 48.00 2000 137  23.20 138   7.50  3 -112 LF___ SN   0.46   0.94
 49.00 2000 145  12.10 148  10.40  3 -178 SH___ S_   4.59   1.25
 50.00 2000 157   0.00 158  22.70  3  -51 S_LF_ SN   1.86   1.05
 52.00 2000 170   4.00 170  16.70  3 9999 ##### NS   1.41   1.02
 53.00 2000 183   7.50 184   7.00  3 9999 ##### NS   1.05   0.96
 62.00 2000 246  21.90 247  12.70  3  -57 SH___ N_   0.93   1.00
 63.00 2000 261  23.40 265   0.00  3 -235 SH___ NS   6.72   1.43
 66.00 2000 302  20.50 304  22.30  3 -127 LF___ SN   3.79   1.93
 69.00 2000 357  19.70 359  17.00  3  -62 LF___ SN   0.56   0.85
 70.00 2001  24   8.80  25  14.00  3  -56 LF___ SN   2.43   0.70
 71.00 2001  63  15.70  64   1.60  3  -78 TF___ NS   2.14   1.01
 73.00 2001  90   5.00  90  22.50  3 -394 LF___ SN   2.77   1.41
 74.00 2001  94  21.30  95   8.30  3  -39 TF___ NS   4.25   1.64
 75.00 2001 101  21.30 102   7.00  3 -296 LF___ SN  11.18   2.24
 78.00 2001 127  17.90 128   7.90  3 9999 ##### NS   0.88   1.08
 80.00 2001 136   7.10 136  23.80  3 9999 ##### NS   0.70   0.72
 82.00 2001 150   7.90 151   9.20  3 9999 ##### SN   2.09   1.14
 83.00 2001 158  18.00 159   6.50  3 9999 ##### N_   0.82   0.75
 84.00 2001 172   3.10 172  10.20  3 9999 ##### S_   0.52   0.89
 87.00 2001 242  11.60 243  10.00  3  -45 TF___ NS   4.85   0.84
 89.00 2001 256  17.70 257  22.80  3 9999 ##### N_   1.25   1.16
 90.00 2001 266  23.90 268   0.00  3 9999 ##### N_   0.52   0.92
 95.00 2001 323  22.90 324  11.00  3  -44 LF___ SN   1.31   1.69
 97.00 2001 364   0.10 364  14.60  3  -47 LF___ SN   2.40   2.91
 98.00 2002  46  11.00  47   3.00  3 9999 ##### NS   3.30   0.73
 99.00 2002  47   7.80  47  21.90  3 9999 ##### SN   3.71   0.58
  4.00 2001 110   4.40 111  17.50  3 -171 SH___ SN   2.49   2.37
 --------------
 --------------
